1	2,3,4,5,6,7,8,9,10,47,102	11
10	1,43,44,45,46	5
100	55	1
101	55	1
102	1,56	2
103	46,56	2
104	56	1
105	56	1
106	56	1
11	2	1
12	2	1
13	2	1
14	2	1
15	3	1
16	3	1
17	3	1
18	3	1
19	4,47,48,49,50,51,52,53,54,55,56	11
2	1,11,12,13,14,57	6
20	4	1
21	4	1
22	4	1
23	5	1
24	5	1
25	5	1
26	5	1
27	6	1
28	6	1
29	6	1
3	1,15,16,17,18	5
30	6	1
31	7	1
32	7	1
33	7	1
34	7	1
35	8	1
36	8	1
37	8	1
38	8	1
39	9	1
4	1,19,20,21,22	5
40	9	1
41	9	1
42	9	1
43	10	1
44	10	1
45	10	1
46	10,103	2
47	19,1,57,58,59,60,61	7
48	19,62,63,64,65,66	6
49	19,67,68,69,70,71	6
5	1,23,24,25,26,56	6
50	19,72,73,74,75,76	6
51	19,77,78,79,80,81	6
52	19,82,83,84,85,86	6
53	19,87,88,89,90,91	6
54	19,92,93,94,95,96	6
55	19,97,98,99,100,101	6
56	5,19,102,103,104,105,106	7
57	2,47	2
58	47	1
59	47	1
6	1,27,28,29,30	5
60	47	1
61	47	1
62	48	1
63	48	1
64	48	1
65	48	1
66	48	1
67	49	1
68	49	1
69	49	1
7	1,31,32,33,34	5
70	49	1
71	49	1
72	50	1
73	50	1
74	50	1
75	50	1
76	50	1
77	51	1
78	51	1
79	51	1
8	1,35,36,37,38	5
80	51	1
81	51	1
82	52	1
83	52	1
84	52	1
85	52	1
86	52	1
87	53	1
88	53	1
89	53	1
9	1,39,40,41,42	5
90	53	1
91	53	1
92	54	1
93	54	1
94	54	1
95	54	1
96	54	1
97	55	1
98	55	1
99	55	1
